2474 
35809 
4704 
48371 
49888 
40722 
15224 
26801 
45988 
47665 
12683 
44211 
43362 
1176 
37666 
1345 
6485 
13332 
10182 
16905 
13637 
5421 
32345 
34959 
39946 
27010 
43268 
22785 
17154 
14981 
30155 
19627 
790 
34859 
17998 
677 
25580 
33221 
27478 
21568 
30885 
40161 
15779 
24247 
41336 
3444 
25591 
47821 
16775 
35772 
14725 
30412 
41193 
47070 
15371 
31138 
24080 
8638 
3923 
41233 
23619 
34077 
10859 
24408 
18935 
28857 
25084 
44515 
12077 
2562 
16082 
42962 
42723 
31860 
17208 
34058 
35303 
42799 
31879 
2078 
28571 
46604 
32490 
19763 
43673 
47861 
901 
17752 
6499 
4823 
8985 
30117 
38900 
19843 
4524 
7835 
48700 
29608 
2349 
10776
